[System]
Name='Coverage'
Type='mamdani'
Version=2.0
NumInputs=4
NumOutputs=1
NumRules=81
AndMethod='min'
OrMethod='max'
ImpMethod='min'
AggMethod='max'
DefuzzMethod='centroid'

[Input1]
Name='Cleaning_public_areas'
Range=[0 1]
NumMFs=3
MF1='Low':'trapmf',[0 0 0.4 0.6]
MF2='High':'trapmf',[0.7 0.85 1 1]
MF3='Medium':'trapmf',[0.4 0.6 0.7 0.85]

[Input2]
Name='Tree_pruning'
Range=[0 1]
NumMFs=3
MF1='Low':'trapmf',[0 0 0.4 0.6]
MF2='Medium':'trapmf',[0.4 0.6 0.7 0.85]
MF3='High':'trapmf',[0.7 0.85 1 1]

[Input3]
Name='Lawn_Mowing'
Range=[0 1]
NumMFs=3
MF1='Low':'trapmf',[0 0 0.4 0.6]
MF2='Medium':'trapmf',[0.4 0.6 0.7 0.85]
MF3='High':'trapmf',[0.7 0.85 1 1]

[Input4]
Name='Washing_public_areas'
Range=[0 1]
NumMFs=3
MF1='Low':'trapmf',[0 0 0.4 0.6]
MF2='Medium':'trapmf',[0.4 0.6 0.7 0.85]
MF3='High':'trapmf',[0.7 0.85 1 1]

[Output1]
Name='Coverage'
Range=[0 1]
NumMFs=4
MF1='Minimum':'trapmf',[0.45 0.55 0.65 0.75]
MF2='Sufficient':'trapmf',[0.65 0.75 0.85 0.9]
MF3='Wide':'trapmf',[0.85 0.9 1 1]
MF4='Poor':'trapmf',[0 0 0.45 0.55]

[Rules]
2 3 3 3, 3 (1) : 1
2 3 3 2, 3 (1) : 1
2 3 3 1, 2 (1) : 1
2 3 2 3, 3 (1) : 1
2 3 2 2, 2 (1) : 1
2 3 2 1, 2 (1) : 1
2 3 1 3, 2 (1) : 1
2 3 1 2, 2 (1) : 1
2 3 1 1, 1 (1) : 1
2 2 3 3, 3 (1) : 1
2 2 3 2, 2 (1) : 1
2 2 3 1, 2 (1) : 1
2 2 2 3, 2 (1) : 1
2 2 2 2, 2 (1) : 1
2 2 2 1, 1 (1) : 1
2 2 1 3, 2 (1) : 1
2 2 1 2, 1 (1) : 1
2 2 1 1, 1 (1) : 1
2 1 3 3, 2 (1) : 1
2 1 3 2, 2 (1) : 1
2 1 3 1, 1 (1) : 1
2 1 2 3, 2 (1) : 1
2 1 2 2, 1 (1) : 1
2 1 2 1, 1 (1) : 1
2 1 1 3, 1 (1) : 1
2 1 1 2, 1 (1) : 1
2 1 1 1, 1 (1) : 1
3 3 3 3, 3 (1) : 1
3 3 3 2, 2 (1) : 1
3 3 3 1, 2 (1) : 1
3 3 2 3, 2 (1) : 1
3 3 2 2, 2 (1) : 1
3 3 2 1, 1 (1) : 1
3 3 1 3, 2 (1) : 1
3 3 1 2, 1 (1) : 1
3 3 1 1, 1 (1) : 1
3 2 3 3, 2 (1) : 1
3 2 3 2, 2 (1) : 1
3 2 3 1, 1 (1) : 1
3 2 2 3, 2 (1) : 1
3 2 2 2, 1 (1) : 1
3 2 2 1, 1 (1) : 1
3 2 1 3, 1 (1) : 1
3 2 1 2, 1 (1) : 1
3 2 1 1, 1 (1) : 1
3 1 3 3, 2 (1) : 1
3 1 3 2, 1 (1) : 1
3 1 3 1, 1 (1) : 1
3 1 2 3, 1 (1) : 1
3 1 2 2, 1 (1) : 1
3 1 2 1, 1 (1) : 1
3 1 1 3, 1 (1) : 1
3 1 1 2, 1 (1) : 1
3 1 1 1, 4 (1) : 1
1 3 3 3, 2 (1) : 1
1 3 3 2, 2 (1) : 1
1 3 3 1, 1 (1) : 1
1 3 2 3, 2 (1) : 1
1 3 2 2, 1 (1) : 1
1 3 2 1, 1 (1) : 1
1 3 1 3, 1 (1) : 1
1 3 1 2, 1 (1) : 1
1 3 1 1, 1 (1) : 1
1 2 3 3, 2 (1) : 1
1 2 3 2, 1 (1) : 1
1 2 3 1, 1 (1) : 1
1 2 2 3, 1 (1) : 1
1 2 2 2, 1 (1) : 1
1 2 2 1, 1 (1) : 1
1 2 1 3, 1 (1) : 1
1 2 1 2, 1 (1) : 1
1 2 1 1, 4 (1) : 1
1 1 3 3, 1 (1) : 1
1 1 3 2, 1 (1) : 1
1 1 3 1, 1 (1) : 1
1 1 2 3, 1 (1) : 1
1 1 2 2, 1 (1) : 1
1 1 2 1, 4 (1) : 1
1 1 1 3, 1 (1) : 1
1 1 1 2, 4 (1) : 1
1 1 1 1, 4 (1) : 1
