[System]
Name='Frequency of service provision'
Type='mamdani'
Version=2.0
NumInputs=4
NumOutputs=1
NumRules=81
AndMethod='min'
OrMethod='max'
ImpMethod='min'
AggMethod='max'
DefuzzMethod='centroid'

[Input1]
Name='Cleaning_of_public_areas'
Range=[0 1]
NumMFs=3
MF1='Low':'trapmf',[0 0 0.4 0.6]
MF2='Medium':'trapmf',[0.4 0.6 0.7 0.85]
MF3='High':'trapmf',[0.7 0.85 1 1]

[Input2]
Name='Tree_pruning'
Range=[0 1]
NumMFs=3
MF1='Low':'trapmf',[0 0 0.4 0.6]
MF2='Medium':'trapmf',[0.4 0.6 0.7 0.85]
MF3='High':'trapmf',[0.7 0.85 1 1]

[Input3]
Name='Lawn_mowing'
Range=[0 1]
NumMFs=3
MF1='Low':'trapmf',[0 0 0.4 0.6]
MF2='Medium':'trapmf',[0.4 0.6 0.7 0.85]
MF3='High':'trapmf',[0.7 0.85 1 1]

[Input4]
Name='Washing_of_public_areas'
Range=[0 1]
NumMFs=3
MF1='Low':'trapmf',[0 0 0.4 0.6]
MF2='Medium':'trapmf',[0.4 0.6 0.7 0.85]
MF3='High':'trapmf',[0.7 0.85 1 1]

[Output1]
Name='Frequency_of_service_provision'
Range=[0 1]
NumMFs=3
MF1='Low':'trapmf',[0 0 0.6 0.7]
MF2='Medium':'trapmf',[0.6 0.7 0.8 0.9]
MF3='High':'trapmf',[0.8 0.9 1 1]

[Rules]
3 3 3 3, 3 (1) : 1
3 3 3 2, 3 (1) : 1
3 3 3 1, 3 (1) : 1
3 3 2 3, 3 (1) : 1
3 3 2 2, 3 (1) : 1
3 3 2 2, 2 (1) : 1
3 3 1 3, 3 (1) : 1
3 3 1 3, 2 (1) : 1
3 3 1 2, 2 (1) : 1
3 2 3 3, 3 (1) : 1
3 2 3 2, 3 (1) : 1
3 2 3 1, 2 (1) : 1
3 2 2 3, 3 (1) : 1
3 2 2 2, 2 (1) : 1
3 2 2 1, 2 (1) : 1
3 2 1 3, 2 (1) : 1
3 2 1 2, 2 (1) : 1
3 2 1 1, 2 (1) : 1
3 1 3 3, 3 (1) : 1
3 1 3 2, 2 (1) : 1
3 1 3 1, 2 (1) : 1
3 1 2 3, 2 (1) : 1
3 1 2 2, 2 (1) : 1
3 1 2 1, 2 (1) : 1
3 1 1 3, 2 (1) : 1
3 1 1 2, 2 (1) : 1
3 1 1 1, 1 (1) : 1
2 3 3 3, 3 (1) : 1
2 3 3 2, 3 (1) : 1
2 3 3 1, 2 (1) : 1
2 3 2 3, 3 (1) : 1
2 3 2 2, 2 (1) : 1
2 3 2 1, 2 (1) : 1
2 3 1 3, 2 (1) : 1
2 3 1 2, 2 (1) : 1
2 3 1 1, 2 (1) : 1
2 2 3 3, 3 (1) : 1
2 2 3 2, 2 (1) : 1
2 2 3 1, 2 (1) : 1
2 2 2 3, 2 (1) : 1
2 2 2 2, 2 (1) : 1
2 2 2 1, 2 (1) : 1
2 2 1 3, 2 (1) : 1
2 2 1 2, 2 (1) : 1
2 2 1 1, 1 (1) : 1
2 1 3 3, 2 (1) : 1
2 1 3 2, 2 (1) : 1
2 1 3 1, 2 (1) : 1
2 1 2 3, 2 (1) : 1
2 1 2 2, 2 (1) : 1
2 1 2 1, 1 (1) : 1
2 1 1 3, 2 (1) : 1
2 1 1 2, 1 (1) : 1
2 1 1 1, 1 (1) : 1
1 3 3 3, 3 (1) : 1
1 3 3 2, 2 (1) : 1
1 3 3 1, 2 (1) : 1
1 3 2 3, 2 (1) : 1
1 3 2 2, 2 (1) : 1
1 3 2 1, 2 (1) : 1
1 3 1 3, 2 (1) : 1
1 3 1 2, 2 (1) : 1
1 3 1 1, 1 (1) : 1
1 2 3 3, 2 (1) : 1
1 2 3 2, 2 (1) : 1
1 2 3 1, 2 (1) : 1
1 2 2 3, 2 (1) : 1
1 2 2 2, 2 (1) : 1
1 2 2 1, 1 (1) : 1
1 2 1 3, 2 (1) : 1
1 2 1 2, 1 (1) : 1
1 2 1 1, 1 (1) : 1
1 1 3 3, 2 (1) : 1
1 1 3 2, 2 (1) : 1
1 1 3 1, 1 (1) : 1
1 1 2 3, 2 (1) : 1
1 1 2 2, 1 (1) : 1
1 1 2 2, 1 (1) : 1
1 1 1 3, 1 (1) : 1
1 1 1 2, 1 (1) : 1
1 1 1 1, 1 (1) : 1
